% time     seconds  usecs/call     calls    errors syscall
------ ----------- ----------- --------- --------- ----------------
 47.35    3.994519           9    410422         2 newfstatat
 35.28    2.976926        3749       794       196 futex
  5.91    0.498760           8     60096           lseek
  4.85    0.409084          10     40077           openat
  4.17    0.352128           8     40077           close
  2.35    0.198023           9     20038           read
  0.07    0.006286         216        29           getdents64
  0.01    0.000609          18        33           mprotect
  0.00    0.000303           2       125       125 readlink
  0.00    0.000147          12        12           madvise
  0.00    0.000071           2        33           rt_sigprocmask
  0.00    0.000034           4         8           clone3
  0.00    0.000023           2         8           munmap
  0.00    0.000021           0        33           mmap
  0.00    0.000014           0        58           brk
  0.00    0.000012           1        12           fstat
  0.00    0.000012          12         1           unlink
  0.00    0.000008           2         3         3 ioctl
  0.00    0.000007           0         9           rseq
  0.00    0.000005           0         9           set_robust_list
  0.00    0.000002           0         3           flock
  0.00    0.000001           1         1           rt_sigaction
  0.00    0.000000           0         1           write
  0.00    0.000000           0         2           pread64
  0.00    0.000000           0         1         1 access
  0.00    0.000000           0         1           execve
  0.00    0.000000           0         2           fsync
  0.00    0.000000           0         1           getcwd
  0.00    0.000000           0         1           arch_prctl
  0.00    0.000000           0         1           set_tid_address
  0.00    0.000000           0         1           prlimit64
  0.00    0.000000           0         1           getrandom
------ ----------- ----------- --------- --------- ----------------
100.00    8.436995          14    571893       327 total
