% time     seconds  usecs/call     calls    errors syscall
------ ----------- ----------- --------- --------- ----------------
 47.24    4.334247          10    410422         2 newfstatat
 35.00    3.211932        4155       773       184 futex
  6.10    0.560128           9     60096           lseek
  4.92    0.451537          11     40077           openat
  4.26    0.391273           9     40077           close
  2.38    0.218049          10     20038           read
  0.07    0.006593         227        29           getdents64
  0.01    0.000634          19        32           mprotect
  0.01    0.000590           4       125       125 readlink
  0.00    0.000177          14        12           madvise
  0.00    0.000166          20         8           clone3
  0.00    0.000144           4        33           mmap
  0.00    0.000110           1        58           brk
  0.00    0.000084           2        33           rt_sigprocmask
  0.00    0.000046           6         7           munmap
  0.00    0.000030           3         9           set_robust_list
  0.00    0.000026           2         9           rseq
  0.00    0.000016           1        12           fstat
  0.00    0.000011          11         1           getcwd
  0.00    0.000008           2         3         3 ioctl
  0.00    0.000007           7         1           getrandom
  0.00    0.000006           3         2           pread64
  0.00    0.000004           4         1           prlimit64
  0.00    0.000003           3         1           arch_prctl
  0.00    0.000003           3         1           set_tid_address
  0.00    0.000002           0         3           flock
  0.00    0.000001           1         1           rt_sigaction
  0.00    0.000000           0         1           write
  0.00    0.000000           0         1         1 access
  0.00    0.000000           0         1           execve
  0.00    0.000000           0         2           fsync
  0.00    0.000000           0         1           unlink
------ ----------- ----------- --------- --------- ----------------
100.00    9.175827          16    571870       315 total
