% time     seconds  usecs/call     calls    errors syscall
------ ----------- ----------- --------- --------- ----------------
 53.70    8.275283          11    730666         2 newfstatat
 34.70    5.346801        4744      1127       259 futex
  3.82    0.588626           9     60096           lseek
  3.38    0.520921          12     40077           openat
  2.72    0.418992          10     40077           close
  1.62    0.249774          12     20038           read
  0.04    0.005739         197        29           getdents64
  0.01    0.000880          26        33           mprotect
  0.00    0.000613           4       125       125 readlink
  0.00    0.000383         383         1           execve
  0.00    0.000348          10        33           mmap
  0.00    0.000207          25         8           clone3
  0.00    0.000165           5        33           rt_sigprocmask
  0.00    0.000116           9        12           madvise
  0.00    0.000095          13         7           munmap
  0.00    0.000050           5         9           set_robust_list
  0.00    0.000038           4         9           rseq
  0.00    0.000021           0        58           brk
  0.00    0.000016           1        12           fstat
  0.00    0.000006           6         1           getcwd
  0.00    0.000005           2         2           pread64
  0.00    0.000005           5         1         1 access
  0.00    0.000003           3         1           arch_prctl
  0.00    0.000003           3         1           set_tid_address
  0.00    0.000003           3         1           getrandom
  0.00    0.000002           0         3           flock
  0.00    0.000002           2         1           prlimit64
  0.00    0.000000           0         1           write
  0.00    0.000000           0         1           rt_sigaction
  0.00    0.000000           0         4         4 ioctl
  0.00    0.000000           0         2           fsync
  0.00    0.000000           0         1           unlink
------ ----------- ----------- --------- --------- ----------------
100.00   15.409097          17    892470       391 total
