% time     seconds  usecs/call     calls    errors syscall
------ ----------- ----------- --------- --------- ----------------
 51.43    0.070583           8      7966         2 newfstatat
 35.83    0.049183         655        75         2 futex
  3.86    0.005297           7       696           lseek
  3.22    0.004423           9       477           openat
  2.65    0.003644           7       477           close
  1.55    0.002121           8       238           read
  0.46    0.000631           5       125       125 readlink
  0.27    0.000371          46         8           clone3
  0.17    0.000228           6        33           rt_sigprocmask
  0.11    0.000152          12        12           madvise
  0.11    0.000148           4        31           mmap
  0.08    0.000107          13         8           getdents64
  0.06    0.000088          17         5           munmap
  0.06    0.000083           8        10           mprotect
  0.05    0.000064           7         9           set_robust_list
  0.04    0.000057           6         9           rseq
  0.01    0.000016           1        12           fstat
  0.01    0.000014          14         1           unlink
  0.01    0.000010           2         4         4 ioctl
  0.01    0.000008           2         4           brk
  0.01    0.000008           2         3           flock
  0.00    0.000003           1         2           pread64
  0.00    0.000003           1         2           fsync
  0.00    0.000003           3         1           getcwd
  0.00    0.000002           2         1           write
  0.00    0.000002           2         1           prlimit64
  0.00    0.000002           2         1           getrandom
  0.00    0.000001           1         1           rt_sigaction
  0.00    0.000001           1         1           arch_prctl
  0.00    0.000001           1         1           set_tid_address
  0.00    0.000000           0         1         1 access
  0.00    0.000000           0         1           execve
------ ----------- ----------- --------- --------- ----------------
100.00    0.137254          13     10216       134 total
