% time     seconds  usecs/call     calls    errors syscall
------ ----------- ----------- --------- --------- ----------------
 53.79    4.147678          11    365666         2 newfstatat
 34.67    2.673463        5774       463        82 futex
  3.87    0.298717           9     30096           lseek
  3.30    0.254616          12     20077           openat
  2.72    0.210022          10     20077           close
  1.60    0.123579          12     10038           read
  0.02    0.001808         100        18           getdents64
  0.01    0.000585          24        24           mprotect
  0.01    0.000473           3       125       125 readlink
  0.00    0.000109          13         8           clone3
  0.00    0.000094           7        12           madvise
  0.00    0.000038           1        33           rt_sigprocmask
  0.00    0.000019           0        26           brk
  0.00    0.000007           1         4         4 ioctl
  0.00    0.000006           0        33           mmap
  0.00    0.000000           0         1           write
  0.00    0.000000           0        12           fstat
  0.00    0.000000           0         8           munmap
  0.00    0.000000           0         1           rt_sigaction
  0.00    0.000000           0         2           pread64
  0.00    0.000000           0         1         1 access
  0.00    0.000000           0         1           execve
  0.00    0.000000           0         3           flock
  0.00    0.000000           0         2           fsync
  0.00    0.000000           0         1           getcwd
  0.00    0.000000           0         1           unlink
  0.00    0.000000           0         1           arch_prctl
  0.00    0.000000           0         1           set_tid_address
  0.00    0.000000           0         9           set_robust_list
  0.00    0.000000           0         1           prlimit64
  0.00    0.000000           0         1           getrandom
  0.00    0.000000           0         9           rseq
------ ----------- ----------- --------- --------- ----------------
100.00    7.711214          17    446755       214 total
