% time     seconds  usecs/call     calls    errors syscall
------ ----------- ----------- --------- --------- ----------------
 47.64    2.785781          13    205422         2 newfstatat
 34.72    2.030250        6835       297        58 futex
  5.98    0.349518          11     30096           lseek
  4.87    0.284531          14     20077           openat
  4.30    0.251431          12     20077           close
  2.39    0.139735          13     10038           read
  0.06    0.003289         182        18           getdents64
  0.01    0.000767           6       125       125 readlink
  0.01    0.000636         636         1           execve
  0.01    0.000497          62         8           munmap
  0.01    0.000451          16        27           mprotect
  0.01    0.000297           9        33           mmap
  0.00    0.000281          23        12           madvise
  0.00    0.000146           5        26           brk
  0.00    0.000119           3        33           rt_sigprocmask
  0.00    0.000061           7         8           clone3
  0.00    0.000028           2        12           fstat
  0.00    0.000028          28         1           unlink
  0.00    0.000015           1         9           rseq
  0.00    0.000012           1         9           set_robust_list
  0.00    0.000008           2         4         4 ioctl
  0.00    0.000007           7         1         1 access
  0.00    0.000007           7         1           getcwd
  0.00    0.000006           3         2           pread64
  0.00    0.000004           4         1           arch_prctl
  0.00    0.000004           4         1           getrandom
  0.00    0.000003           3         1           write
  0.00    0.000003           3         1           set_tid_address
  0.00    0.000002           0         3           flock
  0.00    0.000002           2         1           prlimit64
  0.00    0.000001           0         2           fsync
  0.00    0.000000           0         1           rt_sigaction
------ ----------- ----------- --------- --------- ----------------
100.00    5.847920          20    286348       190 total
