% time     seconds  usecs/call     calls    errors syscall
------ ----------- ----------- --------- --------- ----------------
 44.04    0.047467          10      4522         2 newfstatat
 36.79    0.039649         566        70         2 futex
  5.83    0.006281           9       696           lseek
  4.74    0.005114          10       477           openat
  4.14    0.004467           9       477           close
  2.37    0.002551          10       238           read
  0.52    0.000562           4       125       125 readlink
  0.32    0.000350          43         8           clone3
  0.25    0.000269           8        33           rt_sigprocmask
  0.25    0.000267         267         1           execve
  0.20    0.000220           7        31           mmap
  0.11    0.000123          13         9           rseq
  0.11    0.000117          11        10           mprotect
  0.10    0.000110           9        12           madvise
  0.08    0.000082          16         5           munmap
  0.06    0.000063           7         9           set_robust_list
  0.02    0.000017           4         4           brk
  0.01    0.000015          15         1           unlink
  0.01    0.000014           1        12           fstat
  0.01    0.000009           2         4         4 ioctl
  0.01    0.000006           2         3           flock
  0.00    0.000005           5         1           getcwd
  0.00    0.000004           2         2           pread64
  0.00    0.000003           3         1           write
  0.00    0.000002           2         1           rt_sigaction
  0.00    0.000002           2         1         1 access
  0.00    0.000002           1         2           fsync
  0.00    0.000002           2         1           arch_prctl
  0.00    0.000002           2         1           set_tid_address
  0.00    0.000002           2         1           prlimit64
  0.00    0.000002           2         1           getrandom
  0.00    0.000000           0         8           getdents64
------ ----------- ----------- --------- --------- ----------------
100.00    0.107779          15      6767       134 total
