% time     seconds  usecs/call     calls    errors syscall
------ ----------- ----------- --------- --------- ----------------
 53.68    0.740160          10     73666         2 newfstatat
 34.79    0.479766        2386       201        33 futex
  3.88    0.053485           8      6096           lseek
  3.21    0.044205          10      4077           openat
  2.75    0.037914           9      4077           close
  1.54    0.021264          10      2038           read
  0.07    0.000954          95        10           getdents64
  0.04    0.000587           4       125       125 readlink
  0.01    0.000103          14         7           munmap
  0.01    0.000095           2        33           mmap
  0.01    0.000084          10         8           clone3
  0.01    0.000081           8        10           mprotect
  0.01    0.000076           6        12           madvise
  0.01    0.000073           2        33           rt_sigprocmask
  0.00    0.000014           1         9           set_robust_list
  0.00    0.000014           1         9           rseq
  0.00    0.000012           1        12           fstat
  0.00    0.000011           1         8           brk
  0.00    0.000009           9         1           unlink
  0.00    0.000006           2         3           flock
  0.00    0.000004           4         1           getcwd
  0.00    0.000003           3         1           write
  0.00    0.000003           1         2           pread64
  0.00    0.000003           3         1           prlimit64
  0.00    0.000002           0         4         4 ioctl
  0.00    0.000002           2         1           getrandom
  0.00    0.000001           1         1           rt_sigaction
  0.00    0.000001           0         2           fsync
  0.00    0.000001           1         1           arch_prctl
  0.00    0.000001           1         1           set_tid_address
  0.00    0.000000           0         1         1 access
  0.00    0.000000           0         1           execve
------ ----------- ----------- --------- --------- ----------------
100.00    1.378934          15     90452       165 total
