% time     seconds  usecs/call     calls    errors syscall
------ ----------- ----------- --------- --------- ----------------
 47.59    5.238792          12    410422         2 newfstatat
 34.92    3.843706        8195       469        73 futex
  5.88    0.647082          10     60096           lseek
  4.92    0.541452          13     40077           openat
  4.23    0.465981          11     40077           close
  2.36    0.259957          12     20038           read
  0.08    0.009093         313        29           getdents64
  0.01    0.001184           9       125       125 readlink
  0.01    0.000855          25        33           mprotect
  0.00    0.000127          10        12           madvise
  0.00    0.000125           3        33           mmap
  0.00    0.000104           1        58           brk
  0.00    0.000092          13         7           munmap
  0.00    0.000080           2        33           rt_sigprocmask
  0.00    0.000035           4         8           clone3
  0.00    0.000019           1        12           fstat
  0.00    0.000014           1         9           rseq
  0.00    0.000012           1         9           set_robust_list
  0.00    0.000006           6         1           getcwd
  0.00    0.000004           4         1           arch_prctl
  0.00    0.000004           4         1           prlimit64
  0.00    0.000003           1         3           flock
  0.00    0.000003           3         1           set_tid_address
  0.00    0.000003           3         1           getrandom
  0.00    0.000001           0         2           fsync
  0.00    0.000000           0         1           write
  0.00    0.000000           0         1           rt_sigaction
  0.00    0.000000           0         4         4 ioctl
  0.00    0.000000           0         2           pread64
  0.00    0.000000           0         1         1 access
  0.00    0.000000           0         1           execve
  0.00    0.000000           0         1           unlink
------ ----------- ----------- --------- --------- ----------------
100.00   11.008734          19    571568       205 total
