% time     seconds  usecs/call     calls    errors syscall
------ ----------- ----------- --------- --------- ----------------
 47.12    0.413431           9     41422         2 newfstatat
 35.50    0.311452        2076       150        17 futex
  5.89    0.051659           8      6096           lseek
  4.79    0.042061          10      4077           openat
  4.15    0.036380           8      4077           close
  2.30    0.020209           9      2038           read
  0.10    0.000857          85        10           getdents64
  0.06    0.000489           3       125       125 readlink
  0.03    0.000303         303         1           execve
  0.02    0.000188           5        33           mmap
  0.01    0.000109          13         8           clone3
  0.01    0.000090           9        10           mprotect
  0.01    0.000066           2        33           rt_sigprocmask
  0.01    0.000052           7         7           munmap
  0.00    0.000028           3         8           brk
  0.00    0.000020           2         9           set_robust_list
  0.00    0.000019           2         9           rseq
  0.00    0.000013           1        12           fstat
  0.00    0.000007           0        12           madvise
  0.00    0.000004           4         1           getcwd
  0.00    0.000003           1         2           pread64
  0.00    0.000003           3         1         1 access
  0.00    0.000002           2         1           prlimit64
  0.00    0.000002           2         1           getrandom
  0.00    0.000001           0         4         4 ioctl
  0.00    0.000001           1         1           arch_prctl
  0.00    0.000001           1         1           set_tid_address
  0.00    0.000000           0         1           write
  0.00    0.000000           0         1           rt_sigaction
  0.00    0.000000           0         3           flock
  0.00    0.000000           0         2           fsync
  0.00    0.000000           0         1           unlink
------ ----------- ----------- --------- --------- ----------------
100.00    0.877450          15     58157       149 total
