% time     seconds  usecs/call     calls    errors syscall
------ ----------- ----------- --------- --------- ----------------
 51.53    0.106028          13      7966         2 newfstatat
 36.01    0.074110        1001        74         1 futex
  3.58    0.007362          10       696           lseek
  2.73    0.005617          11       477           openat
  2.44    0.005025          10       477           close
  2.44    0.005013          21       238           read
  0.41    0.000842           6       125       125 readlink
  0.21    0.000434          54         8           clone3
  0.16    0.000326           9        33           rt_sigprocmask
  0.12    0.000257           8        31           mmap
  0.12    0.000255          21        12           madvise
  0.06    0.000127          12        10           mprotect
  0.06    0.000124          20         6           munmap
  0.03    0.000064           7         9           rseq
  0.03    0.000057           6         9           set_robust_list
  0.01    0.000026           2        12           fstat
  0.01    0.000026          26         1           unlink
  0.01    0.000020           5         4         4 ioctl
  0.01    0.000017           4         4           brk
  0.01    0.000011           1         8           getdents64
  0.00    0.000010          10         1           getcwd
  0.00    0.000006           3         2           pread64
  0.00    0.000005           5         1           write
  0.00    0.000004           4         1           prlimit64
  0.00    0.000004           4         1           getrandom
  0.00    0.000003           3         1           arch_prctl
  0.00    0.000003           3         1           set_tid_address
  0.00    0.000000           0         1           rt_sigaction
  0.00    0.000000           0         1         1 access
  0.00    0.000000           0         1           execve
  0.00    0.000000           0         3           flock
  0.00    0.000000           0         2           fsync
------ ----------- ----------- --------- --------- ----------------
100.00    0.205776          20     10216       133 total
