% time     seconds  usecs/call     calls    errors syscall
------ ----------- ----------- --------- --------- ----------------
 51.59    0.111659           2     40050         2 newfstatat
 12.73    0.027554           1     20902           read
  9.91    0.021439           1     20017           fcntl
  9.41    0.020355           2     10036        13 openat
  6.58    0.014233           1     10026           fstat
  5.85    0.012668           1     10024           close
  3.45    0.007471           4      1750           brk
  0.41    0.000883         883         1           execve
  0.05    0.000102           3        32           mmap
  0.01    0.000019           1        10           rt_sigaction
  0.01    0.000016           1         9           munmap
  0.00    0.000008           4         2           getdents64
  0.00    0.000007           7         1           mremap
  0.00    0.000006           2         3         3 ioctl
  0.00    0.000003           3         1           getcwd
  0.00    0.000002           0         4           write
  0.00    0.000002           2         1           rt_sigprocmask
  0.00    0.000000           0         3           mprotect
  0.00    0.000000           0         2           pread64
  0.00    0.000000           0         1         1 access
  0.00    0.000000           0         1           getpid
  0.00    0.000000           0         1           chdir
  0.00    0.000000           0         1           unlink
  0.00    0.000000           0         1           arch_prctl
  0.00    0.000000           0         1           futex
  0.00    0.000000           0         1           set_tid_address
  0.00    0.000000           0         1           mknodat
  0.00    0.000000           0         1           set_robust_list
  0.00    0.000000           0         1           prlimit64
  0.00    0.000000           0         1           getrandom
  0.00    0.000000           0         1           rseq
------ ----------- ----------- --------- --------- ----------------
100.00    0.216427           1    112886        19 total
