% time     seconds  usecs/call     calls    errors syscall
------ ----------- ----------- --------- --------- ----------------
 97.55    0.070441       17610         4           futex
  0.66    0.000476          28        17           rt_sigprocmask
  0.65    0.000467         467         1           execve
  0.27    0.000192           6        29           mmap
  0.15    0.000106          35         3           munmap
  0.14    0.000099           9        10           getdents64
  0.13    0.000092          11         8           clone3
  0.11    0.000077           4        17           openat
  0.08    0.000057           9         6           mprotect
  0.07    0.000049           2        17           close
  0.04    0.000029           2        11         2 newfstatat
  0.04    0.000026           2        12           fstat
  0.04    0.000026           3         8           brk
  0.03    0.000021           2         8           read
  0.01    0.000007           1         4           madvise
  0.01    0.000007           7         1           getcwd
  0.01    0.000006           3         2           pread64
  0.01    0.000005           5         1         1 access
  0.01    0.000004           4         1           rseq
  0.00    0.000003           3         1           arch_prctl
  0.00    0.000003           3         1           set_tid_address
  0.00    0.000003           3         1           set_robust_list
  0.00    0.000003           3         1           prlimit64
  0.00    0.000003           3         1           getrandom
  0.00    0.000002           2         1           write
  0.00    0.000002           0         3           flock
  0.00    0.000002           1         2           fsync
  0.00    0.000001           1         1           rt_sigaction
  0.00    0.000001           0         4         4 ioctl
  0.00    0.000000           0         6           lseek
  0.00    0.000000           0         1           unlink
------ ----------- ----------- --------- --------- ----------------
100.00    0.072210         394       183         7 total
