% time     seconds  usecs/call     calls    errors syscall
------ ----------- ----------- --------- --------- ----------------
 54.16    4.977598          13    365666         2 newfstatat
 34.28    3.150615       17700       178        22 futex
  3.88    0.356637          11     30096           lseek
  3.23    0.296718          14     20077           openat
  2.83    0.260286          12     20077           close
  1.54    0.141604          14     10038           read
  0.05    0.004617         256        18           getdents64
  0.01    0.000522          21        24           mprotect
  0.00    0.000365           2       125       125 readlink
  0.00    0.000193          24         8           clone3
  0.00    0.000160           4        33           rt_sigprocmask
  0.00    0.000151          15        10           munmap
  0.00    0.000148          12        12           madvise
  0.00    0.000141           4        33           mmap
  0.00    0.000087           3        26           brk
  0.00    0.000055           6         9           rseq
  0.00    0.000031           3         9           set_robust_list
  0.00    0.000026           2        12           fstat
  0.00    0.000021          21         1           unlink
  0.00    0.000011           2         4         4 ioctl
  0.00    0.000009           9         1           getcwd
  0.00    0.000005           2         2           pread64
  0.00    0.000004           4         1           write
  0.00    0.000003           3         1           arch_prctl
  0.00    0.000003           3         1           set_tid_address
  0.00    0.000002           1         2           fsync
  0.00    0.000002           2         1           prlimit64
  0.00    0.000002           2         1           getrandom
  0.00    0.000001           1         1           rt_sigaction
  0.00    0.000001           0         3           flock
  0.00    0.000000           0         1         1 access
  0.00    0.000000           0         1           execve
------ ----------- ----------- --------- --------- ----------------
100.00    9.190018          20    446472       154 total
