% time     seconds  usecs/call     calls    errors syscall
------ ----------- ----------- --------- --------- ----------------
 54.19    8.943825          12    730666         2 newfstatat
 34.43    5.682776       10058       565       135 futex
  3.85    0.634635          10     60096           lseek
  3.20    0.528018          13     40077           openat
  2.72    0.448566          11     40077           close
  1.54    0.254448          12     20038           read
  0.05    0.007598         262        29           getdents64
  0.00    0.000789           6       125       125 readlink
  0.00    0.000694          22        31           mprotect
  0.00    0.000607         607         1           execve
  0.00    0.000510          15        33           rt_sigprocmask
  0.00    0.000404          12        33           mmap
  0.00    0.000246          30         8           clone3
  0.00    0.000222          31         7           munmap
  0.00    0.000076           6        12           madvise
  0.00    0.000047           5         9           rseq
  0.00    0.000042           0        58           brk
  0.00    0.000034           2        12           fstat
  0.00    0.000032           3         9           set_robust_list
  0.00    0.000016          16         1           unlink
  0.00    0.000009           9         1           getcwd
  0.00    0.000007           7         1         1 access
  0.00    0.000007           7         1           getrandom
  0.00    0.000006           3         2           pread64
  0.00    0.000004           4         1           arch_prctl
  0.00    0.000004           4         1           set_tid_address
  0.00    0.000004           4         1           prlimit64
  0.00    0.000003           1         3           flock
  0.00    0.000002           0         4         4 ioctl
  0.00    0.000001           1         1           rt_sigaction
  0.00    0.000000           0         1           write
  0.00    0.000000           0         2           fsync
------ ----------- ----------- --------- --------- ----------------
100.00   16.503632          18    891906       267 total
