% time     seconds  usecs/call     calls    errors syscall
------ ----------- ----------- --------- --------- ----------------
 54.14    1.020808          13     73666         2 newfstatat
 34.32    0.647091        5392       120        10 futex
  3.79    0.071416          11      6096           lseek
  3.18    0.060007          14      4077           openat
  2.93    0.055213          13      4077           close
  1.45    0.027344          13      2038           read
  0.05    0.000970           7       125       125 readlink
  0.04    0.000828          82        10           getdents64
  0.03    0.000479         479         1           execve
  0.02    0.000385          11        33           mmap
  0.01    0.000213          26         8           clone3
  0.01    0.000158          13        12           madvise
  0.01    0.000135          19         7           munmap
  0.01    0.000130           3        33           rt_sigprocmask
  0.01    0.000129          14         9           set_robust_list
  0.00    0.000087           8        10           mprotect
  0.00    0.000061           7         8           brk
  0.00    0.000058           6         9           rseq
  0.00    0.000042           3        12           fstat
  0.00    0.000021          21         1           unlink
  0.00    0.000020           6         3           flock
  0.00    0.000008           2         4         4 ioctl
  0.00    0.000007           3         2           pread64
  0.00    0.000007           7         1         1 access
  0.00    0.000007           3         2           fsync
  0.00    0.000007           7         1           getcwd
  0.00    0.000004           4         1           rt_sigaction
  0.00    0.000004           4         1           set_tid_address
  0.00    0.000003           3         1           write
  0.00    0.000003           3         1           arch_prctl
  0.00    0.000003           3         1           prlimit64
  0.00    0.000003           3         1           getrandom
------ ----------- ----------- --------- --------- ----------------
100.00    1.885651          20     90371       142 total
