% time     seconds  usecs/call     calls    errors syscall
------ ----------- ----------- --------- --------- ----------------
 67.59    0.005219           2      2058         9 newfstatat
 10.49    0.000810           9        84           getdents64
  7.56    0.000584         584         1           execve
  2.77    0.000214           7        27           mmap
  2.43    0.000188           7        25           brk
  2.40    0.000185           3        48           openat
  2.20    0.000170           3        48           close
  1.14    0.000088           1        84           fcntl
  0.93    0.000072           1        48           fstat
  0.71    0.000055           9         6           mprotect
  0.56    0.000043           8         5           munmap
  0.26    0.000020           4         5           read
  0.26    0.000020           2         8         8 readlink
  0.18    0.000014           7         2           getcwd
  0.09    0.000007           2         3           lseek
  0.08    0.000006           6         1         1 access
  0.06    0.000005           2         2           pread64
  0.05    0.000004           4         1           futex
  0.05    0.000004           4         1           prlimit64
  0.05    0.000004           4         1           getrandom
  0.04    0.000003           3         1           arch_prctl
  0.04    0.000003           3         1           rseq
  0.03    0.000002           2         1           set_tid_address
  0.03    0.000002           2         1           set_robust_list
  0.00    0.000000           0         2           write
------ ----------- ----------- --------- --------- ----------------
100.00    0.007722           3      2464        18 total
